function [w,x] = gl3wx()
% Zadanie 35
% Hubert Błonowski, 333181
%
% Funkcja zwraca współczynniki oraz węzły dla 3-punktowej kwadratury 
% Gaussa-Legendre'a na przedziale [-1, 1] 
% WYJŚCIE
%   w - współczynniki
%   

w = [
  5.5555555555555555556e-01;
  8.8888888888888888889e-01;
  5.5555555555555555556e-01;
];

x = [
 -7.7459666924148337704e-01;
  0.0000000000000000000e+00;
  7.7459666924148337704e-01;
];

end

